491100 3536940
491080 3536920
491080 3536900
491080 3536880
491080 3536860
491080 3536840
491100 3536820
491100 3536800
491080 3536780
491080 3536760
491080 3536740
491060 3536720
491040 3536700
491020 3536680
491000 3536660
491020 3536640
491000 3536620
491020 3536600
491000 3536580
491020 3536560
491000 3536540
491020 3536520
491000 3536500
491000 3536480
491000 3536460
490980 3536440
490960 3536420
490980 3536400
491000 3536380
490980 3536360
490960 3536340
490940 3536320
490960 3536300
490980 3536280
491000 3536260
491020 3536260
491020 3536240
491020 3536220
491040 3536200
491060 3536200
491080 3536200
491080 3536180
491100 3536160
491100 3536140
491100 3536120
491120 3536100
491140 3536080
491160 3536100
491180 3536100
491200 3536100
491200 3536080
491220 3536060
491220 3536040
491240 3536020
491260 3536020
491280 3536020
491300 3536000
491320 3536000
491320 3535980
491340 3535960
491360 3535940
491340 3535920
491340 3535900
491360 3535900
491380 3535880
491400 3535860
491380 3535840
491400 3535820
491380 3535800
491360 3535780
491380 3535760
491380 3535740
491400 3535740
491420 3535740
491440 3535720
491460 3535700
491480 3535680
491500 3535660
491500 3535640
491520 3535620
491520 3535600
491520 3535580
491520 3535560
491540 3535540
491560 3535520
491580 3535520
491580 3535500
491600 3535480
491600 3535460
491600 3535440
491620 3535420
491620 3535400
491640 3535380
491660 3535360
491680 3535360
491680 3535340
491700 3535340
491720 3535340
491740 3535320
491740 3535300
491760 3535280
491780 3535260
491760 3535240
491780 3535220
491760 3535200
491780 3535180
491800 3535160
491780 3535140
491800 3535120
491780 3535100
491800 3535080
491780 3535060
491760 3535040
491780 3535020
491800 3535000
491820 3534980
491840 3534960
491860 3534940
491880 3534920
491900 3534900
491920 3534880
491940 3534860
491920 3534840
491940 3534820
491960 3534800
491980 3534780
492000 3534760
492020 3534740
492040 3534720
492060 3534700
492080 3534680
492100 3534660
492120 3534640
492140 3534620
492120 3534600
492140 3534580
492160 3534560
492180 3534540
492200 3534520
492220 3534500
492240 3534480
492260 3534460
492280 3534440
492300 3534420
492300 3534400
492320 3534380
492320 3534360
492320 3534340
492320 3534320
492320 3534300
492340 3534280
492360 3534260
492380 3534240
492400 3534220
492420 3534200
492440 3534180
492460 3534160
492460 3534140
492480 3534120
492480 3534100
492500 3534080
492520 3534060
492500 3534040
492480 3534020
492500 3534000
492520 3533980
492540 3533960
492560 3533940
492580 3533920
492600 3533900
492620 3533880
492640 3533860
492640 3533840
492660 3533820
492660 3533800
492680 3533780
492680 3533760
492680 3533740
492700 3533720
492700 3533700
492700 3533680
492700 3533660
492720 3533640
492700 3533620
492680 3533600
492700 3533580
492680 3533560
492660 3533540
492640 3533520
492660 3533500
492640 3533480
492660 3533460
492640 3533440
492660 3533420
492640 3533400
492660 3533380
492640 3533360
492620 3533340
492640 3533320
492620 3533300
492640 3533280
492620 3533260
492640 3533240
492620 3533220
492640 3533200
492620 3533180
492600 3533160
492620 3533140
492600 3533120
492620 3533100
492600 3533080
492620 3533060
492600 3533040
492580 3533020
492600 3533000
492580 3532980
492600 3532960
492580 3532940
492600 3532920
492580 3532900
492560 3532880
492580 3532860
492560 3532840
492580 3532820
492560 3532800
492580 3532780
492560 3532760
492540 3532740
492560 3532720
492540 3532700
492560 3532680
492540 3532660
492560 3532640
492580 3532620
492600 3532600
492620 3532580
492640 3532560
492620 3532540
492640 3532520
492660 3532500
492680 3532480
492700 3532460
492680 3532440
492700 3532420
492720 3532400
492740 3532380
492760 3532360
492740 3532340
492760 3532320
492780 3532300
492800 3532280
492820 3532260
492800 3532240
492820 3532220
492840 3532200
492860 3532180
492880 3532160
492900 3532140
492920 3532120
492900 3532100
492920 3532080
492940 3532060
492960 3532040
492980 3532020
493000 3532000
492980 3531980
493000 3531960
493020 3531940
493040 3531920
493060 3531900
493040 3531880
493060 3531860
493040 3531840
493060 3531820
493080 3531800
493080 3531780
493080 3531760
493060 3531740
493080 3531720
493100 3531700
493120 3531680
493140 3531660
493120 3531640
493120 3531620
493100 3531600
493100 3531580
493120 3531560
493140 3531540
493140 3531520
493140 3531500
493120 3531480
493140 3531460
493160 3531440
493180 3531420
493180 3531400
493200 3531380
493220 3531360
493240 3531340
493260 3531320
493280 3531340
493300 3531340
493300 3531320
493320 3531300
493320 3531280
493320 3531260
493320 3531240
493320 3531220
493320 3531200
493320 3531180
493300 3531160
493280 3531140
493260 3531120
493240 3531100
493260 3531080
493260 3531060
493260 3531040
493240 3531040
493220 3531020
493200 3531020
493180 3531000
493200 3530980
493200 3530960
493200 3530940
493180 3530920
493200 3530900
493180 3530880
493200 3530860
493200 3530840
493200 3530820
493200 3530800
493200 3530780
493180 3530760
493160 3530740
493160 3530720
493160 3530700
493160 3530680
493160 3530660
493160 3530640
493160 3530620
493160 3530600
493160 3530580
493180 3530580
493200 3530560
493220 3530540
493240 3530560
493260 3530560
493280 3530540
493300 3530540
493320 3530540
493340 3530540
493360 3530540
493380 3530520
493400 3530520
493420 3530500
493440 3530500
493440 3530480
493460 3530480
493480 3530460
493480 3530440
493500 3530440
493520 3530420
493540 3530400
493540 3530380
493540 3530360
493560 3530340
493560 3530320
493580 3530300
493580 3530280
493600 3530260
493620 3530240
493640 3530220
493640 3530200
493640 3530180
493640 3530160
493660 3530140
493680 3530120
493700 3530100
493720 3530080
493740 3530060
493740 3530040
493740 3530020
493760 3530000
493780 3529980
493800 3529960
493800 3529940
493820 3529920
493840 3529900
493860 3529880
493860 3529860
493860 3529840
493880 3529820
493880 3529800
493880 3529780
493880 3529760
493880 3529740
493880 3529720
493880 3529700
493880 3529680
493880 3529660
493880 3529640
493880 3529620
493880 3529600
493900 3529580
493900 3529560
493900 3529540
493900 3529520
493880 3529500
493880 3529480
493880 3529460
493880 3529440
493880 3529420
493880 3529400
493880 3529380
493880 3529360
493880 3529340
493880 3529320
493880 3529300
493880 3529280
493880 3529260
493860 3529240
493840 3529220
493860 3529200
493860 3529180
493860 3529160
493840 3529140
493840 3529120
493820 3529100
493800 3529100
493780 3529100
493760 3529080
493740 3529060
493720 3529060
493700 3529040
493700 3529020
493700 3529000
493700 3528980
493680 3528960
493660 3528960
493640 3528940
493620 3528920
493600 3528900
493580 3528880
493600 3528860
493580 3528840
493560 3528820
493580 3528800
493580 3528780
493580 3528760
493560 3528740
493560 3528720
493560 3528700
493540 3528680
493520 3528660
493500 3528640
493480 3528620
493500 3528600
493520 3528580
493520 3528560
493520 3528540
493520 3528520
493540 3528500
493540 3528480
493560 3528460
493580 3528440
493600 3528420
493580 3528400
493600 3528380
493580 3528360
493600 3528340
493580 3528320
493600 3528300
493620 3528280
493640 3528260
493660 3528240
493640 3528220
493660 3528200
493640 3528180
493620 3528160
493600 3528140
493600 3528120
493580 3528100
493560 3528080
493540 3528060
493520 3528040
493540 3528020
493520 3528000
493540 3527980
493520 3527960
493540 3527940
493520 3527920
493500 3527900
493480 3527880
493460 3527860
493480 3527840
493500 3527820
493520 3527800
493540 3527780
493540 3527760
493560 3527740
493580 3527720
493580 3527700
493580 3527680
493600 3527660
493580 3527640
493600 3527620
493580 3527600
493560 3527580
493540 3527560
493520 3527540
493500 3527520
493480 3527500
493460 3527480
493440 3527460
493420 3527440
493420 3527420
493420 3527400
493420 3527380
493420 3527360
493420 3527340
493440 3527320
493460 3527300
493480 3527280
493500 3527280
493520 3527260
493540 3527240
493520 3527220
493540 3527200
493520 3527180
493540 3527160
493560 3527140
493560 3527120
493560 3527100
493540 3527080
493520 3527060
493500 3527040
493480 3527020
493500 3527000
493500 3526980
493500 3526960
493500 3526940
493520 3526920
493540 3526900
493540 3526880
493560 3526880
493580 3526860
493600 3526840
493620 3526820
493620 3526800
493640 3526800
493660 3526800
493680 3526820
493700 3526800
493720 3526780
493740 3526760
493740 3526740
493740 3526720
493740 3526700
493720 3526680
493700 3526660
493680 3526640
493660 3526620
493640 3526600
493620 3526580
493600 3526600
493580 3526620
493560 3526600
493540 3526580
493520 3526560
493540 3526540
493520 3526520
493540 3526500
493520 3526480
493540 3526460
493560 3526440
493540 3526420
493560 3526400
493580 3526380
493560 3526360
493580 3526340
493600 3526340
493620 3526340
493640 3526340
493660 3526340
493680 3526340
493700 3526340
493720 3526340
493740 3526320
493760 3526300
493780 3526280
493780 3526260
493780 3526240
493780 3526220
493780 3526200
493800 3526180
493800 3526160
493800 3526140
493780 3526120
493760 3526100
493740 3526080
493720 3526060
493700 3526040
493720 3526020
493740 3526000
493720 3525980
493700 3525960
493680 3525940
493680 3525920
493660 3525900
493640 3525880
493620 3525860
493600 3525840
493620 3525820
493600 3525800
493620 3525780
493640 3525760
493660 3525740
493680 3525720
493680 3525700
493700 3525680
493700 3525660
493700 3525640
493720 3525620
493720 3525600
493740 3525580
493740 3525560
493740 3525540
493740 3525520
493740 3525500
493740 3525480
493740 3525460
493740 3525440
493720 3525420
493720 3525400
493700 3525380
493680 3525380
493660 3525360
493660 3525340
493660 3525320
493660 3525300
493680 3525280
493700 3525260
493720 3525240
493700 3525220
493680 3525200
493680 3525180
493680 3525160
493660 3525140
493640 3525120
493660 3525100
493680 3525080
493680 3525060
493700 3525040
493700 3525020
493700 3525000
493680 3525000
493660 3524980
493640 3524960
493620 3524960
493600 3524940
493600 3524920
493620 3524900
493620 3524880
493620 3524860
493620 3524840
493620 3524820
493620 3524800
493620 3524780
493640 3524760
493620 3524740
493640 3524720
493620 3524700
493640 3524680
493660 3524660
493680 3524640
493700 3524620
493700 3524600
493680 3524580
493660 3524560
493640 3524540
493640 3524520
493640 3524500
493620 3524480
493600 3524460
493580 3524440
493600 3524420
493580 3524400
493580 3524380
493600 3524380
493620 3524360
493640 3524360
493660 3524360
493680 3524360
493700 3524340
493700 3524320
493720 3524300
493720 3524280
493740 3524260
493640 3523640
493640 3523620
493620 3523600
493640 3523580
493640 3523560
493660 3523540
493660 3523520
493660 3523500
493660 3523480
493660 3523460
493660 3523440
493660 3523420
493680 3523400
493700 3523380
493720 3523360
493720 3523340
493740 3523320
493760 3523300
493760 3523280
493780 3523260
493780 3523240
493800 3523220
493800 3523200
493820 3523180
493820 3523160
493820 3523140
493820 3523120
493820 3523100
493820 3523080
493800 3523060
493780 3523060
493760 3523040
493740 3523020
493720 3523000
493700 3522980
493680 3522980
493680 3522960
493660 3522940
493640 3522920
493620 3522900
493600 3522880
493580 3522860
493560 3522880
493540 3522880
493520 3522880
493500 3522860
493480 3522840
493460 3522820
493480 3522800
493460 3522780
493480 3522760
493460 3522740
493480 3522720
493480 3522700
493480 3522680
493480 3522660
493500 3522640
493500 3522620
493520 3522600
493540 3522580
493540 3522560
493540 3522540
493560 3522520
493580 3522520
493580 3522500
493600 3522480
493600 3522460
493580 3522440
493580 3522420
493600 3522400
493620 3522380
493620 3522360
493640 3522340
493660 3522320
493680 3522320
493700 3522300
493720 3522280
493740 3522260
493760 3522240
493780 3522220
493800 3522200
493780 3522180
493800 3522160
493820 3522140
493820 3522120
493820 3522100
493820 3522080
493820 3522060
493800 3522040
493780 3522020
493760 3522000
493740 3521980
493760 3521960
493780 3521940
493800 3521920
493780 3521900
493800 3521880
493780 3521860
493800 3521840
493780 3521820
493760 3521800
493740 3521780
493720 3521780
493700 3521780
493680 3521760
493660 3521740
493660 3521720
493680 3521700
493660 3521680
493680 3521660
493700 3521640
493700 3521620
493700 3521600
493700 3521580
493680 3521560
493680 3521540
493680 3521520
493680 3521500
493680 3521480
493680 3521460
493680 3521440
493680 3521420
493680 3521400
493660 3521380
493640 3521380
493620 3521400
493600 3521400
493580 3521380
493560 3521380
493540 3521360
493520 3521340
493500 3521320
493500 3521300
493480 3521300
493460 3521280
493460 3521260
493460 3521240
493460 3521220
493480 3521200
493480 3521180
493480 3521160
493480 3521140
493500 3521120
493520 3521100
493540 3521080
493560 3521060
493580 3521040
493560 3521020
493560 3521000
493540 3520980
493520 3520960
493520 3520940
493520 3520920
493520 3520900
493520 3520880
493520 3520860
493500 3520840
493500 3520820
493500 3520800
493500 3520780
493480 3520760
493460 3520740
493440 3520720
493420 3520740
493400 3520720
493380 3520720
493360 3520720
493360 3520700
493340 3520680
493320 3520660
493340 3520640
493360 3520620
493380 3520600
493400 3520580
493420 3520600
493440 3520580
493460 3520560
493460 3520540
493460 3520520
493480 3520520
493500 3520520
493520 3520500
493520 3520480
493520 3520460
493500 3520440
493500 3520420
493480 3520400
493460 3520380
493460 3520360
493440 3520340
493460 3520320
493480 3520300
493480 3520280
493480 3520260
493480 3520240
493480 3520220
493480 3520200
493500 3520180
493500 3520160
493500 3520140
493500 3520120
493500 3520100
493500 3520080
493520 3520060
493520 3520040
493520 3520020
493520 3520000
493520 3519980
493520 3519960
493500 3519940
493480 3519920
493500 3519900
493520 3519880
493540 3519860
493560 3519840
493580 3519820
493600 3519800
493600 3519780
493600 3519760
493620 3519740
493620 3519720
493620 3519700
493620 3519680
493620 3519660
493620 3519640
493620 3519620
493600 3519600
493600 3519580
493600 3519560
493580 3519540
493580 3519520
493560 3519500
493560 3519480
493540 3519460
493520 3519440
493520 3519420
493520 3519400
493520 3519380
493520 3519360
493500 3519340
493500 3519320
493480 3519300
493480 3519280
493480 3519260
493480 3519240
493480 3519220
493500 3519200
493520 3519180
493540 3519160
493560 3519160
493580 3519160
493600 3519140
493620 3519120
493640 3519120
493640 3519140
493660 3519160
493680 3519160
493700 3519140
493700 3519120
493700 3519100
493720 3519100
493740 3519100
493760 3519080
493760 3519060
493780 3519040
493800 3519020
493820 3519000
493840 3518980
493840 3518960
493860 3518940
493880 3518920
493880 3518900
493900 3518880
493920 3518860
493940 3518840
493920 3518820
493940 3518800
493960 3518780
493980 3518780
493980 3518760
494000 3518740
494000 3518720
494000 3518700
494000 3518680
493980 3518660
493960 3518640
493940 3518620
493920 3518600
493900 3518580
493900 3518560
493900 3518540
493880 3518520
493880 3518500
493860 3518480
493840 3518460
493820 3518440
493800 3518420
493780 3518400
493760 3518380
493740 3518380
493720 3518360
493700 3518340
493680 3518320
493680 3518300
493680 3518280
493680 3518260
493680 3518240
493700 3518220
493700 3518200
493720 3518180
493720 3518160
493740 3518140
493760 3518120
493780 3518100
493800 3518100
493820 3518080
493840 3518060
493860 3518040
493860 3518020
493860 3518000
493880 3517980
493900 3517960
493920 3517960
493940 3517940
493960 3517920
493960 3517900
493960 3517880
493960 3517860
493980 3517840
493980 3517820
493980 3517800
494000 3517780
494020 3517780
494040 3517800
494060 3517800
494080 3517800
494080 3517780
494080 3517760
494080 3517740
494080 3517720
494060 3517700
494060 3517680
494060 3517660
494040 3517640
494040 3517620
494040 3517600
494060 3517580
494080 3517560
494100 3517540
494100 3517520
494100 3517500
494100 3517480
494120 3517460
494120 3517440
494140 3517420
494140 3517400
494140 3517380
494140 3517360
494160 3517340
494180 3517320
494200 3517300
494220 3517320
494240 3517300
494260 3517280
494280 3517260
494300 3517260
494300 3517240
494300 3517220
494300 3517200
494300 3517180
494300 3517160
494300 3517140
494300 3517120
494300 3517100
494300 3517080
494320 3517060
494320 3517040
494320 3517020
494340 3517000
494340 3516980
494360 3516960
494380 3516940
494400 3516920
494420 3516900
494440 3516900
494460 3516880
494480 3516860
494480 3516840
494460 3516820
494460 3516800
494440 3516780
494420 3516780
494400 3516760
494380 3516740
494360 3516720
494340 3516700
494320 3516680
494320 3516660
494320 3516640
494320 3516620
494300 3516600
494300 3516580
494300 3516560
494280 3516540
494260 3516520
494260 3516500
494260 3516480
494260 3516460
494240 3516440
494260 3516420
494260 3516400
494280 3516380
494300 3516360
494320 3516340
494340 3516320
494320 3516300
494320 3516280
494320 3516260
494320 3516240
494320 3516220
494320 3516200
494340 3516180
494340 3516160
494340 3516140
494340 3516120
494340 3516100
494340 3516080
494340 3516060
494340 3516040
494340 3516020
494320 3516000
494320 3515980
494320 3515960
494320 3515940
494340 3515920
494360 3515900
494380 3515900
494400 3515880
494420 3515880
494440 3515860
494460 3515840
494460 3515820
494480 3515800
494500 3515800
494520 3515800
494540 3515780
494560 3515780
494580 3515760
494600 3515740
494600 3515720
494600 3515700
494600 3515680
494600 3515660
494600 3515640
494620 3515620
494620 3515600
494620 3515580
494600 3515560
494600 3515540
494620 3515520
494620 3515500
494620 3515480
494620 3515460
494640 3515440
494640 3515420
494640 3515400
494660 3515380
494660 3515360
494660 3515340
494660 3515320
494640 3515300
494640 3515280
494620 3515260
494600 3515240
494600 3515220
494600 3515200
494600 3515180
494600 3515160
494600 3515140
494600 3515120
494600 3515100
494600 3515080
494600 3515060
494620 3515040
494620 3515020
494620 3515000
494620 3514980
494620 3514960
494620 3514940
494620 3514920
494640 3514900
494640 3514880
494620 3514860
494600 3514840
494580 3514820
494580 3514800
494580 3514780
494580 3514760
494560 3514740
494560 3514720
494540 3514700
494540 3514680
494540 3514660
494540 3514640
494540 3514620
494560 3514600
494580 3514580
494580 3514560
494580 3514540
494560 3514520
494540 3514500
494540 3514480
494540 3514460
494560 3514440
494580 3514440
494600 3514420
494620 3514400
494640 3514380
494660 3514360
494680 3514340
494680 3514320
494680 3514300
494700 3514280
494700 3514260
494700 3514240
494700 3514220
494700 3514200
494700 3514180
494700 3514160
494700 3514140
494720 3514120
494740 3514100
494760 3514080
494780 3514060
494800 3514040
494780 3514020
494780 3514000
494780 3513980
494780 3513960
494780 3513940
494760 3513920
494780 3513900
494780 3513880
494800 3513860
494820 3513840
494840 3513840
494860 3513820
494880 3513800
494900 3513800
494920 3513800
494940 3513800
494960 3513780
494980 3513760
495000 3513740
495020 3513720
495020 3513700
495040 3513680
495040 3513660
495040 3513640
495040 3513620
495060 3513600
495060 3513580
495060 3513560
495060 3513540
495060 3513520
495060 3513500
495060 3513480
495040 3513460
495020 3513460
495000 3513440
494980 3513420
494960 3513420
494940 3513400
494920 3513380
494920 3513360
494920 3513340
494920 3513320
494920 3513300
494900 3513280
494880 3513260
494860 3513240
494840 3513220
494860 3513200
494840 3513180
494840 3513160
494820 3513140
494820 3513120
494820 3513100
494800 3513080
494780 3513060
494760 3513040
494780 3513020
494760 3513000
494760 3512980
494760 3512960
494780 3512940
494780 3512920
494780 3512900
494760 3512880
494760 3512860
494760 3512840
494740 3512820
494740 3512800
494740 3512780
494740 3512760
494740 3512740
494760 3512720
494780 3512700
494800 3512680
494820 3512680
495920 3511200
495940 3511180
495960 3511160
495980 3511140
495980 3511120
495980 3511100
496000 3511080
496000 3511060
496020 3511040
496020 3511020
496040 3511000
496040 3510980
496040 3510960
496040 3510940
496040 3510920
496060 3510900
496080 3510880
496080 3510860
496080 3510840
496100 3510820
496120 3510820
496140 3510800
496160 3510800
496180 3510780
496200 3510780
496220 3510780
496240 3510780
496260 3510760
496280 3510740
496300 3510740
496320 3510720
496300 3510700
496320 3510680
496340 3510660
496360 3510640
496360 3510620
496360 3510600
496360 3510580
496380 3510560
496400 3510540
496380 3510520
496380 3510500
496360 3510480
496360 3510460
496360 3510440
496360 3510420
496340 3510400
496320 3510380
496320 3510360
496320 3510340
496320 3510320
496320 3510300
496320 3510280
496320 3510260
496320 3510240
496320 3510220
496300 3510200
496300 3510180
496300 3510160
496300 3510140
496280 3510120
496260 3510100
496240 3510080
496240 3510060
496220 3510040
496200 3510020
496180 3510000
496160 3509980
496140 3509960
496160 3509940
496180 3509920
496200 3509900
496220 3509880
496240 3509860
496260 3509840
496280 3509820
496300 3509800
496320 3509780
496340 3509780
496360 3509760
496380 3509740
496400 3509720
496420 3509700
496440 3509680
496460 3509700
496480 3509680
496500 3509700
496520 3509720
496540 3509700
496540 3509680
496560 3509660
496560 3509640
496580 3509640
496600 3509620
496620 3509600
496640 3509580
496640 3509560
496640 3509540
496640 3509520
496660 3509500
496680 3509480
496700 3509480
496720 3509480
496740 3509460
496760 3509460
496780 3509480
496800 3509460
496800 3509440
496800 3509420
496820 3509400
496820 3509380
496840 3509360
496860 3509340
496880 3509320
496900 3509300
496920 3509280
496940 3509260
496940 3509240
496940 3509220
496920 3509200
496940 3509180
496920 3509160
496920 3509140
496920 3509120
496920 3509100
496920 3509080
496940 3509060
496940 3509040
496960 3509020
496960 3509000
496980 3508980
497000 3508960
497020 3508940
497020 3508920
497040 3508900
497040 3508880
497060 3508880
497080 3508860
497100 3508840
497120 3508860
497140 3508860
497160 3508860
497180 3508860
497200 3508860
497220 3508860
497240 3508840
497260 3508820
497280 3508800
497300 3508780
497320 3508760
497340 3508740
497320 3508720
497320 3508700
497300 3508680
497280 3508660
497300 3508640
497320 3508620
497320 3508600
497340 3508580
497320 3508560
497320 3508540
497340 3508520
497360 3508500
497380 3508480
497400 3508460
497420 3508440
497440 3508440
497460 3508420
497480 3508400
497500 3508380
497500 3508360
497520 3508340
497520 3508320
497500 3508300
497500 3508280
497480 3508280
497460 3508260
497440 3508260
497420 3508260
497420 3508240
497420 3508220
497400 3508200
497380 3508180
497400 3508160
497420 3508140
497420 3508120
497440 3508100
497460 3508100
497460 3508080
497480 3508060
497500 3508040
497520 3508020
497540 3508020
497560 3508000
497580 3507980
497560 3507960
497560 3507940
497580 3507920
497600 3507900
497620 3507900
497640 3507900
497660 3507880
497680 3507860
497680 3507840
497680 3507820
497680 3507800
497680 3507780
497680 3507760
497660 3507740
497680 3507720
497700 3507700
497720 3507680
497740 3507680
497760 3507680
497780 3507680
497800 3507680
497820 3507680
497840 3507680
497860 3507680
497860 3507660
497860 3507640
497860 3507620
497860 3507600
497860 3507580
497860 3507560
497860 3507540
497860 3507520
497880 3507500
497900 3507480
497920 3507460
497940 3507440
497960 3507420
497980 3507420
498000 3507420
498020 3507400
498040 3507380
498060 3507360
498080 3507360
498100 3507360
498120 3507360
498140 3507380
498160 3507380
498180 3507380
498200 3507360
498220 3507340
498240 3507320
498260 3507300
498260 3507280
498260 3507260
498260 3507240
498280 3507240
498280 3507220
498300 3507200
498320 3507180
498340 3507180
498360 3507180
498380 3507160
498400 3507140
498420 3507140
498420 3507120
498420 3507100
498440 3507080
498460 3507060
498480 3507040
498500 3507020
498520 3507020
498540 3507000
498560 3506980
498580 3506960
498560 3506940
498560 3506920
498560 3506900
498560 3506880
498580 3506860
498600 3506860
498620 3506840
498640 3506820
498660 3506800
498680 3506780
498700 3506780
498720 3506780
498740 3506780
498760 3506780
498780 3506780
498800 3506800
498820 3506820
498840 3506820
498860 3506800
498880 3506780
498900 3506760
498920 3506760
498940 3506760
498960 3506760
498980 3506760
499000 3506760
499020 3506760
499040 3506760
499060 3506760
499080 3506740
499100 3506720
499120 3506700
499120 3506680
499120 3506660
499140 3506640
499160 3506620
499180 3506600
499200 3506600
499220 3506600
499240 3506580
499260 3506560
499280 3506560
499300 3506560
499320 3506540
499340 3506520
499360 3506520
499380 3506500
499400 3506480
499420 3506480
499440 3506460
499460 3506460
499480 3506460
499500 3506440
499520 3506440
499540 3506440
499560 3506440
499580 3506420
499600 3506420
499620 3506400
499640 3506380
499660 3506380
499680 3506360
499700 3506340
499720 3506320
499740 3506300
499760 3506280
499780 3506280
499800 3506280
499820 3506260
499820 3506240
499820 3506220
499840 3506200
499860 3506180
499860 3506160
499860 3506140
499860 3506120
499860 3506100
499880 3506080
499900 3506080
499920 3506080
499940 3506060
499960 3506040
499980 3506020
500000 3506000
500020 3505980
500040 3506000
500060 3505980
500080 3505960
500100 3505940
500120 3505920
500140 3505900
500160 3505880
500180 3505900
500200 3505880
500220 3505860
500240 3505840
500260 3505820
500280 3505820
500300 3505820
500320 3505840
500340 3505820
500360 3505800
500380 3505780
500400 3505760
500420 3505740
500440 3505720
500460 3505700
500480 3505680
500500 3505680
500500 3505660
500520 3505640
500540 3505620
500560 3505620
500580 3505600
500600 3505580
500600 3505560
500620 3505540
500620 3505520
500620 3505500
500600 3505480
500580 3505460
500600 3505440
500580 3505420
500600 3505400
500580 3505380
500600 3505360
500580 3505340
500560 3505320
500540 3505300
500520 3505280
500500 3505260
500520 3505240
500500 3505220
500520 3505200
500540 3505180
500560 3505160
500560 3505140
500540 3505120
500540 3505100
500540 3505080
500540 3505060
500540 3505040
500560 3505020
500560 3505000
500560 3504980
500560 3504960
500560 3504940
500580 3504920
500580 3504900
500560 3504880
500540 3504860
500560 3504840
500540 3504820
500560 3504800
500580 3504780
500600 3504760
500620 3504740
500600 3504720
500620 3504700
500600 3504680
500580 3504660
500560 3504640
500560 3504620
500560 3504600
500540 3504580
500520 3504560
500500 3504540
500480 3504520
500500 3504500
500480 3504480
500500 3504460
500520 3504440
500540 3504420
500560 3504400
500560 3504380
500560 3504360
500580 3504340
500600 3504320
500600 3504300
500620 3504280
500640 3504260
500660 3504240
500640 3504220
500660 3504200
500640 3504180
500620 3504160
500600 3504140
500580 3504120
500580 3504100
500580 3504080
500560 3504060
500540 3504040
500520 3504020
500540 3504000
500560 3503980
500540 3503960
500560 3503940
500580 3503920
500580 3503900
500580 3503880
500560 3503880
500540 3503860
500520 3503880
500500 3503880
500480 3503880
500460 3503860
500440 3503840
500420 3503820
500400 3503800
500380 3503780
500360 3503760
500340 3503760
500320 3503760
500320 3503740
500320 3503720
500320 3503700
500320 3503680
500320 3503660
500320 3503640
500300 3503620
500320 3503600
500300 3503580
500300 3503560
500300 3503540
500320 3503520
500340 3503500
500360 3503480
500380 3503460
500400 3503480
500420 3503500
500440 3503500
500460 3503500
500480 3503480
500500 3503480
500500 3503460
500500 3503440
500520 3503420
500520 3503400
500500 3503380
500520 3503360
500540 3503340
500560 3503320
500580 3503300
500580 3503280
500560 3503260
500580 3503240
500560 3503220
500560 3503200
500560 3503180
500580 3503160
500600 3503140
500600 3503120
500580 3503100
500560 3503080
500560 3503060
500580 3503040
500600 3503020
500600 3503000
500620 3502980
500640 3502960
500640 3502940
500660 3502920
500680 3502920
500700 3502920
500720 3502920
500740 3502900
500760 3502880
500780 3502860
500780 3502840
500800 3502840
500820 3502820
500840 3502800
500820 3502780
500800 3502760
500780 3502740
500760 3502720
500740 3502700
500720 3502680
500700 3502660
500680 3502640
500680 3502620
500700 3502600
500700 3502580
500720 3502560
500740 3502540
500760 3502520
500780 3502500
500800 3502480
500820 3502480
500840 3502480
500860 3502460
500880 3502460
500900 3502460
500920 3502440
500940 3502440
500960 3502440
500980 3502420
501000 3502400
501020 3502380
501040 3502360
501060 3502340
501080 3502320
501100 3502300
501100 3502280
501120 3502260
501140 3502260
501160 3502260
501180 3502240
501200 3502240
501220 3502260
501240 3502280
501260 3502260
501280 3502260
501300 3502260
501320 3502260
501340 3502260
501360 3502260
501380 3502260
501400 3502240
501420 3502220
501440 3502220
501460 3502220
501480 3502200
501500 3502200
501520 3502200
501540 3502180
501560 3502180
501580 3502160
501600 3502160
501620 3502140
501620 3502120
501640 3502100
501640 3502080
501660 3502060
501680 3502040
501700 3502020
501680 3502000
501700 3501980
501720 3501960
501700 3501940
501700 3501920
501680 3501900
501660 3501880
501640 3501860
501660 3501840
501680 3501820
501700 3501800
501720 3501780
501740 3501760
501740 3501740
501740 3501720
501760 3501700
501780 3501680
501800 3501680
501820 3501660
501840 3501640
501860 3501640
501880 3501620
501900 3501620
501920 3501620
501940 3501600
501940 3501580
501940 3501560
501960 3501540
501960 3501520
501960 3501500
501960 3501480
501960 3501460
501960 3501440
501960 3501420
501980 3501400
501960 3501380
501960 3501360
501980 3501340
502000 3501320
502020 3501320
502020 3501300
502020 3501280
502040 3501260
502060 3501240
502080 3501220
502100 3501200
502100 3501180
502080 3501160
502100 3501140
502120 3501120
502140 3501120
502160 3501120
502180 3501120
502200 3501100
502200 3501080
502220 3501060
502240 3501080
502260 3501080
502280 3501080
502300 3501080
502320 3501100
502340 3501100
502360 3501100
502380 3501100
502400 3501080
502420 3501060
502440 3501040
502460 3501020
502480 3501020
502500 3501000
502520 3500980
502540 3500980
502540 3500960
502560 3500940
502560 3500920
502580 3500900
502600 3500880
502600 3500860
502600 3500840
502600 3500820
502580 3500800
502600 3500780
502620 3500760
502640 3500740
502640 3500720
502660 3500700
502680 3500680
502700 3500700
502720 3500680
502740 3500680
502760 3500680
502780 3500680
502800 3500660
502820 3500660
502840 3500640
502860 3500660
502860 3500680
502880 3500700
502900 3500720
502920 3500700
502920 3500680
502940 3500660
502960 3500640
502960 3500620
502960 3500600
502960 3500580
502960 3500560
502960 3500540
502980 3500520
503000 3500520
503020 3500500
503040 3500500
503060 3500500
503080 3500520
503100 3500540
503120 3500540
503140 3500540
503160 3500520
503180 3500500
503200 3500480
503220 3500460
503240 3500440
503260 3500420
503280 3500400
503300 3500380
503320 3500360
503340 3500340
503340 3500320
503360 3500320
503380 3500300
503380 3500280
503380 3500260
503400 3500240
503380 3500220
503380 3500200
503360 3500180
503340 3500160
503320 3500140
503320 3500120
503320 3500100
503320 3500080
503320 3500060
503300 3500040
503280 3500020
503300 3500000
503320 3500000
503340 3500000
503360 3500000
503380 3500000
503380 3499980
503380 3499960
503400 3499940
503400 3499920
503400 3499900
503400 3499880
503400 3499860
503420 3499840
503440 3499820
503440 3499800
503460 3499780
503480 3499760
503500 3499760
503520 3499740
503540 3499720
503560 3499700
503580 3499680
503600 3499660
503600 3499640
